  0 255 255 255 255 255 255 255 255 255 255 255 255  32   0   0
255 255 255 255 255 255 255 255 255 255 255 255 255  43   4   0
255 255 255 255 255 255 239 216 216 239 255 227 216  37   4   0
255 255 255 255 255 255 153   4   4 153 255  75   4   4   4   0
255 255 255 255 235 184 111   4   4 111 184 105  75  75  75  64
255 255 255 255 184   4   4   4   4   4   4 184 255 255 255 255
255 255 239 153 111   4   4   4   4   4   4 111 153 239 255 255
191 180 152   4   4   4   7  12  12  12  12   6   4 152 180 191
 32  47  40   4   4   4   7  12  12  12  12   6   4  40  47  32
159 153 130   4   4   4   4   4   4   4   4   4   4 130 153 159
255 255 216   4   4   4   4   4   4   4   4   4   4 216 255 255
255 255 244 184 134   4   4   4   4   4   4 134 184 244 255 255
255 255 255 255 184   4   4   4   4   4   4 184 255 255 255 255
255 255 255 255 244 216 130   4   4 130 216 244 255 255 255 255
255 255 255 255 255 255 153   4   4 153 255 255 255 255 255 255
  0 255 255 255 255 255 159   0   0 159 255 255 255 255 255   0
  0 255 255 255 255 255 255 255 255 255 255 255 255  32   0   0
255 255 255 255 255 255 255 255 255 255 255 255 255  43   4   0
255 255 255 255 255 255 239 216 216 239 255 227 216  37   4   0
255 255 255 255 255 255 153   4   4 153 255  75   4   4   4   0
255 255 255 255 235 184 111   4   4 111 184 105  75  75  75  64
255 255 255 255 184   4   4   4   4   4   4 184 255 255 255 255
255 255 239 153 111   4   4   4   4   4   4 111 153 239 255 255
191 182 154   4   4   4   8  13  13  13  13   7   4 154 182 191
 64  49  42   4   4   4   8  13  13  13  13   7   4  42  49  64
159 153 130   4   4   4   4   4   4   4   4   4   4 130 153 159
255 255 216   4   4   4   4   4   4   4   4   4   4 216 255 255
255 255 244 184 134   4   4   4   4   4   4 134 184 244 255 255
255 255 255 255 184   4   4   4   4   4   4 184 255 255 255 255
255 255 255 255 244 216 130   4   4 130 216 244 255 255 255 255
255 255 255 255 255 255 153   4   4 153 255 255 255 255 255 255
  0 255 255 255 255 255 159   0   0 159 255 255 255 255 255   0
  0 255 255 255 255 255 255 255 255 255 255 255 255  32   0   0
255 255 255 255 255 255 255 255 255 255 255 255 255  47   8   0
255 255 255 255 255 255 239 216 216 239 255 227 216  41   8   0
255 255 255 255 255 255 155   8   8 155 255  77   8   8   8   0
255 255 255 255 235 186 113   8   8 113 186 108  77  77  77  64
255 255 255 255 186   8   8   8   8   8   8 186 255 255 255 255
255 255 239 155 113   8   8   8   8   8   8 113 155 239 255 255
191 186 158   8   8   8  11  15  15  16  16  10   8 158 186 191
 64  55  48   8   8   8  11  15  15  16  16  10   8  48  55  64
159 155 132   8   8   8   8   8   8   8   8   8   8 132 155 159
255 255 216   8   8   8   8   8   8   8   8   8   8 216 255 255
255 255 244 186 136   8   8   8   8   8   8 136 186 244 255 255
255 255 255 255 186   8   8   8   8   8   8 186 255 255 255 255
255 255 255 255 244 216 132   8   8 132 216 244 255 255 255 255
255 255 255 255 255 255 155   8   8 155 255 255 255 255 255 255
  0 255 255 255 255 255 159   0   0 159 255 255 255 255 255   0

  0   0   0   0  64 255 255 191  32 159 255 255 255 255 255   0
  0   4   4   4  75 255 255 180  47 153 255 255 255 255 255 255
 32  43  37   4  75 255 239 152  40 130 216 244 255 255 255 255
255 255 216   4  75 255 153   4   4   4   4 184 255 255 255 255
255 255 227  75 105 184 111   6   6   4   4 134 184 244 255 255
255 255 255 255 184   4   4  12  12   4   4   4   4 216 255 255
255 255 239 153 111   4   4  12  12   4   4   4   4 130 153 159
255 255 216   4   4   4   4  12  12   4   4   4   4   4   4   0
255 255 216   4   4   4   4  12  12   4   4   4   4   4   4   0
255 255 239 153 111   4   4   7   7   4   4   4   4 130 153 159
255 255 255 255 184   4   4   4   4   4   4   4   4 216 255 255
255 255 255 255 235 184 111   4   4   4   4 134 184 244 255 255
255 255 255 255 255 255 153   4   4   4   4 184 255 255 255 255
255 255 255 255 255 255 239 152  40 130 216 244 255 255 255 255
255 255 255 255 255 255 255 180  47 153 255 255 255 255 255 255
  0 255 255 255 255 255 255 191  32 159 255 255 255 255 255   0
  0   0   0   0  64 255 255 191  64 159 255 255 255 255 255   0
  0   4   4   4  75 255 255 182  49 153 255 255 255 255 255 255
 32  43  37   4  75 255 239 154  42 130 216 244 255 255 255 255
255 255 216   4  75 255 153   4   4   4   4 184 255 255 255 255
255 255 227  75 105 184 111   7   7   4   4 134 184 244 255 255
255 255 255 255 184   4   4  13  13   4   4   4   4 216 255 255
255 255 239 153 111   4   4  13  13   4   4   4   4 130 153 159
255 255 216   4   4   4   4  13  13   4   4   4   4   4   4   0
255 255 216   4   4   4   4  13  13   4   4   4   4   4   4   0
255 255 239 153 111   4   4   8   8   4   4   4   4 130 153 159
255 255 255 255 184   4   4   4   4   4   4   4   4 216 255 255
255 255 255 255 235 184 111   4   4   4   4 134 184 244 255 255
255 255 255 255 255 255 153   4   4   4   4 184 255 255 255 255
255 255 255 255 255 255 239 154  42 130 216 244 255 255 255 255
255 255 255 255 255 255 255 182  49 153 255 255 255 255 255 255
  0 255 255 255 255 255 255 191  64 159 255 255 255 255 255   0
  0   0   0   0  64 255 255 191  64 159 255 255 255 255 255   0
  0   8   8   8  77 255 255 186  55 155 255 255 255 255 255 255
 32  47  41   8  77 255 239 158  48 132 216 244 255 255 255 255
255 255 216   8  77 255 155   8   8   8   8 186 255 255 255 255
255 255 227  77 108 186 113  10  10   8   8 136 186 244 255 255
255 255 255 255 186   8   8  16  16   8   8   8   8 216 255 255
255 255 239 155 113   8   8  16  16   8   8   8   8 132 155 159
255 255 216   8   8   8   8  15  15   8   8   8   8   8   8   0
255 255 216   8   8   8   8  15  15   8   8   8   8   8   8   0
255 255 239 155 113   8   8  11  11   8   8   8   8 132 155 159
255 255 255 255 186   8   8   8   8   8   8   8   8 216 255 255
255 255 255 255 235 186 113   8   8   8   8 136 186 244 255 255
255 255 255 255 255 255 155   8   8   8   8 186 255 255 255 255
255 255 255 255 255 255 239 158  48 132 216 244 255 255 255 255
255 255 255 255 255 255 255 186  55 155 255 255 255 255 255 255
  0 255 255 255 255 255 255 191  64 159 255 255 255 255 255   0

255 255 255 255 255 227 106  20  20 130 243 255 255 255 255   0
255 255 255 255 253 225 106   4   4 126 234 253 255 255 255   0
255 255 255 251 219 154  74   4   4  87 159 225 252 255 255   0
255 255 251 230 140   5   6   4   4   4   4 156 233 252 255   0
255 254 224 129  80   5   6   4   4   4   4  88 130 234 255   0
216 209 160   4   5   5   6   4   4   4   4   4   4 175 210   0
 78  78  61   4   4   5   6   4   4   4   4   4   4  67  81   0
 59  63  50   4   5   6   7   5   5   4   4   4   4  54  66   0
196 196 150   4   4   6   7   4   4   4   4   4   4 164 197   0
255 254 216  95  60   7   7   5   5   5   5  65  96 228 255   0
255 252 243 212 130   8   7   4   4   6   7 147 218 249 255   0
 78  85  85  86 114 146  71   5   5  86 157 223 252 255 255   0
  0   8   9  16 104 223 105   4   4 127 233 252 254 255 255   0
  0   3  44 196 219 249 220 194 194 225 251 255 255 255 255   0
  0   5  56 253 254 255 254 253 253 254 255 255 255 255 255   0
  0   0  49 255 255 255 255 255 255 255 255 255 255 255 255   0
255 255 255 255 255 232 112  20  20 130 243 255 255 255 255   0
255 255 255 255 253 225 107   5   5 127 235 253 255 255 255   0
255 255 255 251 219 155  75   4   4  88 160 225 252 255 255   0
255 255 251 230 140   5   6   4   4   4   4 156 233 252 255   0
255 254 225 130  80   5   6   4   4   4   4  88 131 234 255   0
216 209 160   4   5   5   6   4   4   4   4   4   4 175 211   0
 78  78  61   4   4   5   6   4   4   4   4   4   4  67  82   0
 59  63  50   4   5   6   7   5   5   4   4   4   4  55  66   0
196 196 150   4   4   6   7   4   4   4   4   4   4 164 197   0
255 254 216  95  60   7   8   6   6   6   6  66  96 228 255   0
255 252 243 212 131   8   8   5   5   6   7 147 218 249 255   0
 78  85  86  86 114 147  71   5   5  87 157 223 252 255 255   0
  0   8  10  16 104 224 106   4   4 127 233 252 254 255 255   0
  0   5  45 196 219 249 220 194 194 225 251 255 255 255 255   0
  0   5  57 253 254 255 254 253 253 254 255 255 255 255 255   0
  0   0  49 255 255 255 255 255 255 255 255 255 255 255 255   0
255 255 255 255 255 232 117  20  20 136 243 255 255 255 255   0
255 255 255 255 253 226 110   8   8 130 235 253 255 255 255   0
255 255 255 251 220 157  78   8   8  91 162 225 252 255 255   0
255 255 251 231 142   9  10   8   8   8   8 158 234 252 255   0
255 254 226 131  83   9   9   8   8   8   8  91 133 234 255   0
216 210 162   8   9   9   9   8   8   8   8   8   8 177 211   0
 78  82  65   8   8   9   9   8   8   8   8   8   8  70  84   0
 59  67  53   8   9  10  10   8   8   8   8   8   8  58  70   0
196 197 152   8   8  10  10   8   8   8   8   8   8 166 198   0
255 254 217  99  64  11  11   9   9   9   9  69 100 228 255   0
255 252 244 213 133  12  11   8   8  10  11 149 219 249 255   0
 78  88  88  90 117 149  75   9   9  90 160 224 252 255 255   0
  0  13  13  20 107 225 109   8   8 130 234 252 254 255 255   0
  0   9  49 198 219 249 220 196 196 225 251 255 255 255 255   0
  0   8  61 253 254 255 254 253 253 254 255 255 255 255 255   0
  0   0  49 255 255 255 255 255 255 255 255 255 255 255 255   0

255 255 255 255 255 219  73  73 182 255 255 255 255 255 255 255
255 255 255 255 255 214  85  63 193 255 255 255 255 255 255 255
255 255 255 252 232 172  68  50 156 223 248 255 255 255 255 255
255 255 253 234 136   5   4   4   4  92 215 252 255 255 255 255
255 254 225 151  88   4   4   4   4  60 140 219 252 255 255 255
242 235 165   4   4   4   4   4   4   6   7 150 231 251 255 255
124 122  87   4   4   4   4   4   4   6   6  79 120 220 253 255
 23   5   4   4   4   4   4   5   5   6   5   5   4 188 252 255
 23   5   4   4   4   4   4   5   5   6   5   5   4 188 252 255
118 113  81   6   6   6   6   7   7   8   8  72 111 218 253 255
229 228 161   5   5   5   5   6   6   7   8 142 224 249 255 255
255 254 224 148  87   5   5   5   5  60 135 114  98 213 253 255
255 255 252 233 136   5   4   4   4  91 211  93  16 190 252 255
255 255 255 252 230 169  67  49 153 220 244  92  11  38  49  46
255 255 255 254 254 212  83  60 192 253 252  92   9   5   5   0
255 255 255 255 255 219  73  73 182 255 255  73   0   0   0   0
255 255 255 255 255 219  73  73 182 255 255 255 255 255 255 255
255 255 255 255 255 214  86  63 193 255 255 255 255 255 255 255
255 255 255 252 232 172  69  50 156 223 248 255 255 255 255 255
255 255 253 234 137   5   4   4   4  92 215 252 255 255 255 255
255 254 225 151  88   4   4   4   4  61 140 219 252 255 255 255
242 235 166   4   4   4   4   4   4   6   8 150 231 251 255 255
124 122  88   4   4   4   4   4   4   6   6  80 121 220 253 255
 23   5   5   4   4   4   4   5   5   6   5   5   4 188 252 255
 23   5   5   4   4   4   4   5   5   6   5   5   4 188 252 255
118 113  82   6   6   6   6   7   7   8   9  73 111 218 253 255
229 230 162   5   5   5   5   6   6   8   9 143 225 249 255 255
255 254 224 148  88   5   5   5   5  60 135 114  98 213 253 255
255 255 252 234 136   5   4   4   4  91 211  93  16 190 252 255
255 255 255 252 230 169  67  50 153 220 244  93  11  39  50  55
255 255 255 254 254 212  83  60 192 253 252  92   9   5   5   0
255 255 255 255 255 219  73  73 182 255 255  73   0   0   0   0
255 255 255 255 255 219  73  73 182 255 255 255 255 255 255 255
255 255 255 255 255 214  88  67 194 255 255 255 255 255 255 255
255 255 255 252 233 174  71  54 158 223 248 255 255 255 255 255
255 255 253 235 139   9   8   8   8  95 216 252 255 255 255 255
255 254 226 153  91   8   8   8   8  64 142 220 252 255 255 255
242 236 167   8   8   8   8   8   8  10  11 153 232 251 255 255
131 125  91   8   8   8   8   8   8   9  10  83 124 221 253 255
 29   9   8   8   8   8   8   9   9  10   9   9   8 189 252 255
 29   9   8   8   8   8   8   9   9  10   9   9   8 189 252 255
124 116  85  10  10  10  10  11  11  12  12  76 114 219 253 255
229 231 164   9   9   9   9  10  10  11  12 145 226 249 255 255
255 254 225 150  90   9   9   9   9  64 137 117 101 214 253 255
255 255 252 234 138   9   8   8   8  95 212  96  20 191 252 255
255 255 255 252 231 171  70  53 155 221 245  95  15  42  53  55
255 255 255 254 254 213  87  63 194 253 252  95  14   9   8   0
255 255 255 255 255 219  73  73 182 255 255 109   0   0   0   0
